14 17
-1 -1
16 23
16 24
17 24
8 16
16 22
8 16
2 6
-1 -1
0 6
8 16
-1 -1
0 8
-1 -1
0 8
16 21
1 8
1 8
8 16
0 8
-1 -1
-1 -1
8 16
16 24
16 24
1 8
-1 -1
16 24
8 16
-1 -1
9 16
17 23
-1 -1
-1 -1
8 16
-1 -1
-1 -1
0 8
16 24
-1 -1
2 8
8 16
16 24
8 16
0 6
17 24
8 16
0 8
-1 -1
0 8
8 16
16 24
0 8
8 16
8 16
0 8
1 7
-1 -1
-1 -1
8 16
16 24
-1 -1
0 8
16 24
16 24
8 16
8 16
17 23
8 13
8 15
16 22
9 15
8 16
16 24
9 16
8 15
16 24
8 16
17 24
8 16
8 16
8 16
16 22
8 16
0 8
8 16
18 24
8 15
8 16
8 16
0 8
8 16
16 22
9 15
8 16
8 16
8 15
8 16
17 23
16 24
9 16
9 16
0 8
16 24
16 24
16 24
0 8
8 16
16 24
8 16
9 14
0 8
16 24
16 24
0 8
16 24
0 8
16 24
8 16
16 24
16 23
8 16
16 22
9 16
8 16
0 8
16 24
16 24
8 16
8 13
18 24
16 24
8 16
17 22
16 24
8 15
16 24
16 24
16 23
0 8
8 16
8 16
9 16
9 16
16 23
17 24
8 16
8 16
17 24
17 24
8 16
17 24
16 23
17 24
9 15
17 23
17 24
16 24
8 16
8 16
0 8
8 16
8 16
8 15
9 15
16 24
8 15
8 16
9 16
17 23
8 16
0 8
0 8
16 24
16 24
16 24
9 16
8 16
16 24
8 15
0 8
8 16
17 24
18 24
8 14
0 8
9 16
8 16
8 16
8 15
8 14
8 16
16 23
16 24
8 13
16 24
8 16
18 24
0 8
16 24
9 15
9 15
9 15
11 16
8 16
16 23
16 24
8 16
9 15
8 16
8 16
16 24
8 16
8 16
8 16
9 16
16 23
0 8
-1 -1
16 24
9 16
9 16
8 16
16 23
9 16
11 16
17 24
8 16
8 15
0 8
8 16
8 16
8 14
9 15
16 24
8 15
8 16
8 16
