14 14
0 6
17 23
-1 -1
8 16
1 7
17 23
16 24
8 16
-1 -1
18 24
0 7
3 8
16 24
8 16
-1 -1
0 8
8 16
-1 -1
-1 -1
-1 -1
0 6
16 24
16 24
1 8
-1 -1
8 16
8 16
0 8
8 16
8 16
1 8
16 24
16 24
0 7
-1 -1
-1 -1
0 7
-1 -1
8 16
16 23
-1 -1
-1 -1
16 21
-1 -1
17 24
1 6
8 16
8 16
8 16
2 8
8 16
8 16
19 24
-1 -1
0 8
16 22
11 16
10 16
9 15
8 16
8 16
18 24
-1 -1
8 13
8 15
3 8
16 22
0 5
16 24
8 16
8 14
8 16
8 13
17 23
16 24
17 22
9 16
8 16
1 8
8 16
10 16
16 24
0 6
18 24
8 16
9 16
0 8
16 24
8 14
8 16
10 16
16 24
8 14
11 16
8 15
16 24
17 23
16 20
0 8
9 16
8 15
9 16
16 23
-1 -1
16 24
16 23
8 16
19 24
8 14
9 13
8 16
8 16
8 15
17 24
8 16
8 14
9 16
0 8
8 16
18 24
16 24
8 14
17 22
10 16
9 16
16 24
8 16
8 16
8 15
9 15
20 24
8 15
16 23
0 8
16 23
17 24
-1 -1
10 16
10 16
8 16
8 16
0 8
8 15
10 16
8 12
8 16
9 15
9 16
8 15
17 23
10 16
16 24
16 24
9 14
16 23
12 16
8 16
8 15
1 8
19 24
18 23
8 16
8 16
16 24
0 7
9 14
17 24
8 16
8 16
-1 -1
8 16
0 5
20 24
10 15
3 8
8 16
10 16
8 16
8 15
16 22
17 23
16 24
8 16
8 15
16 24
9 16
19 23
8 16
17 22
16 23
17 24
8 16
18 24
8 16
16 22
0 8
