7 14
-1 -1
-1 -1
8 16
0 7
-1 -1
16 24
16 24
16 24
-1 -1
-1 -1
8 16
1 8
8 16
17 24
8 16
16 24
0 7
-1 -1
16 24
-1 -1
8 16
-1 -1
8 16
16 23
1 8
16 23
-1 -1
0 5
2 7
8 16
-1 -1
16 24
8 16
8 16
0 8
0 7
0 7
3 8
-1 -1
-1 -1
16 24
-1 -1
19 24
0 6
16 24
8 16
2 8
0 8
-1 -1
8 16
16 24
8 16
16 23
8 16
0 8
8 16
8 16
0 8
1 8
8 15
3 7
8 16
16 24
0 5
9 16
16 24
8 16
8 14
0 8
8 16
16 24
20 24
8 16
8 16
8 16
8 16
17 23
9 16
16 24
0 6
1 8
8 15
0 7
0 8
9 16
16 24
1 8
8 15
0 8
8 16
8 16
16 24
0 5
0 5
16 21
8 16
16 24
8 16
