7 17
16 22
8 16
-1 -1
0 7
16 24
8 16
8 16
0 8
16 24
-1 -1
17 24
0 8
17 24
16 24
0 7
-1 -1
0 6
-1 -1
16 24
16 24
16 24
8 16
16 24
-1 -1
-1 -1
-1 -1
8 16
-1 -1
-1 -1
-1 -1
0 8
8 16
0 8
-1 -1
0 8
-1 -1
0 8
-1 -1
0 8
-1 -1
16 24
8 16
0 8
0 8
8 16
16 23
0 8
-1 -1
18 23
8 16
17 24
8 16
0 8
8 16
8 16
-1 -1
2 7
0 8
16 24
8 16
16 24
0 8
8 16
8 16
8 16
-1 -1
16 24
8 16
8 16
18 23
8 16
8 16
16 23
8 16
17 24
16 24
16 24
0 8
17 23
16 24
1 8
16 24
8 16
16 24
0 8
17 24
8 16
18 24
16 21
0 8
8 16
0 8
16 23
17 24
16 24
0 8
16 24
8 16
18 23
8 16
17 23
8 16
16 24
9 16
0 6
9 15
9 16
8 15
16 24
9 16
0 7
8 15
8 16
8 16
8 16
16 24
0 8
0 8
9 14
