7 20
0 8
8 16
8 16
8 16
0 8
0 8
-1 -1
16 24
8 15
0 7
16 24
-1 -1
-1 -1
16 24
16 23
-1 -1
0 8
8 16
1 7
8 16
8 16
16 24
1 7
0 8
-1 -1
-1 -1
16 24
8 16
0 8
16 24
-1 -1
0 8
8 16
8 16
8 16
8 16
16 24
16 24
-1 -1
-1 -1
16 24
0 8
-1 -1
-1 -1
17 24
16 24
8 16
-1 -1
16 24
-1 -1
0 8
8 16
16 24
-1 -1
0 8
0 8
-1 -1
0 8
8 16
16 24
-1 -1
-1 -1
16 24
16 24
8 16
8 16
0 8
0 8
-1 -1
8 16
8 16
17 24
0 8
0 8
-1 -1
16 24
8 16
-1 -1
16 24
0 8
0 7
18 24
0 8
8 16
8 16
16 24
16 24
16 24
9 15
16 23
8 16
8 16
11 16
8 14
0 5
8 15
9 16
8 16
0 7
8 16
16 24
0 8
8 16
16 24
9 16
8 16
9 16
17 24
8 15
20 24
0 8
0 8
8 15
0 7
8 16
3 8
16 24
8 15
8 16
8 16
8 16
16 24
8 16
9 15
0 8
0 7
17 24
0 8
16 23
0 8
8 16
17 23
8 16
16 24
16 24
16 24
9 15
0 8
8 16
17 24
